C7_3(b): Kalman Filter Gains for AR(3) Process

K(0):  [0.6121212  0.6666667  0.6060606]'
K(1):  [0.6317872  0.4753572  0.5411961]' 
K(2):  [0.7138370  0.3770958  0.2171298]'
K(3):  [0.7222284  0.4241912  0.1716214]'
K(4):  [0.7295065  0.4224268  0.1797327]'
K(5):  [0.7266314  0.4256355  0.1764606]'
K(6):  [0.7266943  0.4261174  0.1758735]'
K(7):  [0.7268219  0.4260360  0.1750295]'
K(8):  [0.7267054  0.4263687  0.1747971]'
K(9):  [0.7267170  0.4263967  0.1747506]' 
K(10): [ 0.7266962  0.4264385  0.1746924]'
